# 3c 273 
    1  1226+023    0        72  1995.573   5.716     0.04  319.5   0.38   1.00   22  Y
    2  1226+023    0        72  1995.849   3.507     0.25   54.4   0.30   1.00   22  Y
    3  1226+023    0        72  1995.956   2.603     0.76   54.2   0.24   1.00   22  Y
    4  1226+023    0        72  1996.052   3.312     0.43   68.4   0.22   1.00   22  Y
    5  1226+023    0        72  1996.225   7.048     0.46   56.2   0.21   1.00   22  Y
    6  1226+023    0        72  1996.375   6.326     0.12   59.0                 22  Y
    7  1226+023    0        72  1996.405   7.146     0.61   46.5                 22  Y
    8  1226+023    0        72  1996.573   5.820     0.46   64.6   0.13   1.00   22  Y
    9  1226+023    0        72  1996.742   6.687     0.59   84.4   0.24   1.00   22  Y
   10  1226+023    0        72  1996.825   3.883     0.51   54.4   0.25   1.00   22  Y
   11  1226+023    0        72  1996.934   7.269     0.66   41.9   0.28   1.00   22  Y
   12  1226+023    0        72  1997.658   9.922     0.03   56.2   0.25   1.00   22  Y
   13  1226+023    0        72  1998.008   8.919     0.08   68.8   0.10   1.00   22  Y
   14  1226+023    0        72  1998.181   7.378     0.15   76.7   0.12   1.00   22  Y
   15  1226+023    0        72  1998.836   1.346     0.91   53.2   0.22   1.00   22  Y
   16  1226+023    0        72  1999.258   1.725     1.02   53.9   0.19   1.00   22  Y
   17  1226+023    0        72  1999.373   2.574     1.14   53.3   0.22   1.00   22  Y
   18  1226+023    0        72  1999.386   2.948     1.08   54.4   0.25   1.00   22  Y
   19  1226+023    0        72  1999.740   2.663     1.20   52.7                 22  Y
   20  1226+023    0        72  1999.849   3.905     0.46   45.7   0.38   1.00   22  Y
   21  1226+023    0        72  2000.038   1.944     0.74   55.6   0.09   1.00   22  Y
   22  1226+023    0        72  2000.074   3.010     0.76   52.2   0.34   1.00   22  Y
   23  1226+023    0        72  2000.329   2.380     0.76   59.1   0.41   1.00   22  Y
   24  1226+023    0        72  2000.614   2.370     0.94   59.8   0.19   1.00   22  Y
   25  1226+023    0        72  2001.203   3.045     0.13   47.7   0.25   1.00   22  Y
   26  1226+023    0        72  2001.995   1.725     0.39   46.7   0.09   1.00   22  Y
   27  1226+023    0        72  2002.252   1.612     0.63   45.8   0.08   1.00   22  Y
   28  1226+023    0        72  2002.740   2.416     0.80   50.0   0.24   1.00   22  Y
   29  1226+023    0        72  2002.773   2.835     0.85   52.3   0.39   1.00   22  Y
   30  1226+023    0        72  2002.956   3.101     0.97   51.8   0.36   1.00   22  Y
   31  1226+023    0        72  2003.162   4.342     1.08   41.8   0.31   0.34   53  Y
   32  1226+023    0        72  2003.342   3.724     1.17   42.2                 53  Y
   33  1226+023    0        72  2003.501   3.685     0.22   35.1   0.15   1.00   53  Y
   34  1226+023    0        72  2003.507   3.122     0.24   39.7   0.17   1.00   53  Y
   35  1226+023    0        72  2003.526   2.523     0.23   34.4   0.10   1.00   53  Y
   36  1226+023    0        72  2003.658   3.441     1.38   45.9   0.17   1.00   53  Y
   37  1226+023    0        72  2003.685   3.496     0.27   36.9   0.17   1.00   53  Y
   38  1226+023    0        72  2003.896   3.082     0.43   38.7   0.26   1.00   53  Y
   39  1226+023    0        72  2004.447   2.766     0.30   41.2   0.23   1.00   53  Y
   40  1226+023    0        72  2004.699   1.541     0.58   35.0   0.28   1.00   53  Y
   41  1226+023    0        72  2004.923   2.537     0.65   37.6   0.32   1.00   53  Y
   42  1226+023    0        72  2005.381   1.094     0.71   37.9   0.14   1.00   53  Y
   43  1226+023    0        72  2005.710   1.446     0.42   37.1   0.15   1.00   53  Y
   44  1226+023    0        72  2005.879   3.961     0.12   42.2                 53  Y
   45  1226+023    0        72  2006.186   5.461     0.16   29.3   0.10   1.00   53  Y
   46  1226+023    0        72  2006.455   3.023     0.28   37.3   0.15   1.00   53  Y
   47  1226+023    0        72  2006.474   3.196     0.32   40.9   0.16   1.00   53  Y
   48  1226+023    0        72  2006.674   2.752     0.48   40.5   0.11   1.00   53  Y
   49  1226+023    0        72  2006.923   2.353     0.56   42.7   0.09   1.00   53  Y
   50  1226+023    0        72  2007.016   2.090     0.56   42.1                 53  Y
   51  1226+023    0        72  2007.167   1.949     0.86   40.7                 53  Y
#    52  1226+023    0 a      72  2007.296   1.496     0.88   37.9   0.22   1.00   53   
#    53  1226+023    0 a      72  2007.416   1.089     0.56   38.9                 53   
#    54  1226+023    0 a      72  2007.647   2.357     0.41   36.0                 53   
#    55  1226+023    0 a      72  2007.682   1.540     0.84   39.3                 53   
   56  1226+023    0        72  2008.334   3.106     0.68   38.0   0.06   1.00   53  Y
   57  1226+023    0        72  2008.545   4.043     0.77   37.6   0.12   1.00   53  Y
   58  1226+023    0        72  2008.600   3.380     0.78   37.2   0.10   1.00   53  Y
   59  1226+023    0        72  2008.701   3.026     0.87   36.7   0.18   1.00   53  Y
   60  1226+023    0        72  2008.888   2.345     0.90   38.1   0.14   1.00   53  Y
   61  1226+023    0        72  2009.082   2.238     1.05   38.5   0.21   1.00   53  Y
   62  1226+023    0        72  2009.099   2.841     0.39   41.9   0.30   1.00   53  Y
   63  1226+023    0        72  2009.230   3.669     1.13   37.0   0.16   1.00   53  Y
   64  1226+023    0        72  2009.405   6.314     0.07   36.0   0.21   1.00   53  Y
   65  1226+023    0        72  2009.482   7.172     0.03    4.8   0.20   1.00   53  Y
   66  1226+023    0        72  2009.559   7.840     0.07   32.9   0.23   1.00   53  Y
   67  1226+023    0        72  2009.658   2.999     0.19   42.0                 53  Y
   68  1226+023    0        72  2009.816   3.034     0.17   43.3                 53  Y
   69  1226+023    0        72  2009.929   3.222     0.32   30.9                 53  Y
   70  1226+023    0        72  2010.071   4.300     0.29   24.4   0.16   1.00   53  Y
   71  1226+023    0        72  2010.466  10.566     0.06   26.5   0.32   1.00   53  Y
   72  1226+023    0        72  2010.822   4.099     0.42   38.0   0.20   1.00   53  Y
